clearvars
a=0.00002;